91
56
34
68
75
41
87
87
35
27
91
97
87
26
66
36
54
41
26
37
29
61
77
41
95
86
61
21
55
78
86
81
64
51
21
24
45
77
49
21
22
49
42
28
77
42
34
29
67
11
22
85
99
69
82
82
58
12
39
19
52
45
85
55
58
97
95
47
39
29
54
18
32
22
97
24
33
66
33
59
71
85
81
24
94
85
19
76
76
46
57
59
66
51
47
45
49
17
18
99
49
89
88
81
46
83
96
27
37
18
94
14
46
38
14
89
23
86
89
66
94
91
66
12
42
35
97
33
69
33
34
78
98
66
73
57
42
15
28
95
51
93
42
24
81
57
41
63
84
62
47
46
93
49
94
52
96
76
29
59
67
51
29
27
15
85
88
24
28
75
35
38
59
84
49
82
49
76
47
33
68
15
47
66
15
95
92
53
72
79
28
29
79
62
56
29
83
12
94
47
45
48
72
77
99
66
12
28
48
96
73
52
49
33
87
46
24
61
61
82
93
99
32
11
98
66
59
93
12
81
84
14
73
64
82
92
68
72
97
94
87
56
44
89
23
77
58
31
56
92
52
54
88
54
84
95
37
91
91
61
32
38
48
19
62
28
27
89
59
46
81
66
69
62
55
45
71
99
12
42
26
22
21
47
96
97
28
65
56
42
39
99
91
63
77
13
77
67
46
42
78
74
64
92
34
17
66
92
92
16
26
51
61
92
49
14
95
71
38
12
99
35
84
19
22
34
52
79
55
66
48
15
43
73
79
83
44
32
27
13
18
58
13
34
83
77
39
47
59
45
65
96
64
22
64
33
13
66
41
74
22
46
26
24
88
55
98
53
21
18
75
53
44
38
29
99
58
69
34
28
56
94
21
95
45
25
73
44
67
51
97
28
39
96
48
16
16
69
88
23
84
19
88
77
94
43
73
25
55
43
34
14
46
61
93
19
11
34
39
43
41
75
76
98
87
45
86
81
96
77
62
78
37
35
36
98
45
88
87
61
51
44
68
61
42
85
64
31
22
24
83
74
91
11
62
64
24
27
57
54
99
21
11
55
56
12
33
24
34
21
21
22
63
37
81
23
35
88
32
35
77
83
77
17
33
62
77
52
29
91
91
59
79
27
11
32
62
49
21
18
43
28
84
44
66
16
53
81
44
64
27
45
24
54
62
88
99
74
31
31
92
76
15
63
86
67
29
88
93
75
68
87
93
27
42
18
58
12
13
81
22
63
76
85
81
25
53
57
17
22
66
41
37
66
33
45
78
66
32
23
39
37
37
43
38
53
73
41
65
86
36
36
35
74
98
57
82
31
79
72
85
33
35
11
33
22
97
17
33
71
93
11
24
59
86
28
87
11
47
45
99
19
45
55
88
94
32
12
43
73
95
63
69
58
36
65
77
17
68
79
78
76
18
39
85
86
78
96
22
89
27
82
24
54
32
99
55
81
48
91
89
88
54
66
16
36
63
72
92
49
57
86
67
91
55
36
35
73
75
32
59
13
62
66
98
76
29
81
89
17
89
75
13
79
57
69
41
84
46
82
95
44
44
63
57
51
77
46
53
85
87
28
94
14
98
24
52
42
86
65
58
27
99
28
96
22
46
81
82
61
79
96
81
59
41
28
82
88
57
55
36
98
15
79
82
23
48
38
41
71
33
68
42
33
77
59
66
91
53
13
26
68
23
35
93
62
44
93
18
74
86
58
56
26
17
54
58
53
99
58
67
37
49
26
48
24
71
33
83
58
72
44
96
62
22
54
22
33
94
73
97
51
59
78
87
79
11
69
98
89
17
47
82
66
85
14
59
42
88
86
44
86
69
62
22
65
38
53
52
97
39
36
16
21
91
67
39
89
59
44
71
11
12
89
66
94
23
62
82
67
55
86
97
32
99
57
49
33
99
21
61
94
86
25
65
34
89
49
18
45
21
35
84
92
44
97
66
31
64
79
17
98
78
46
42
85
52
11
17
44
79
82
75
58
56
16
91
76
14
21
66
77
39
31
33
49
37
88
82
77
68
86
81
39
64
36
73
21
11
28
95
15
61
73
85
98
24
22
67
39
94
12
23
17
95
42
47
72
48
91
83
64
62
85
61
25
27
55
98
21
28
99
88
92
63
17
15
89
24
57
59
47
56
99
25
64
37
56
47
66
68
88
22
28
44
94
62
27
33
84
25
67
82
24
29
99
53
44
46
37
17
55
51
59
95
87
41
17
39
46
37
25
93
26
14
47
36
53
69
52
28
22
99
99
67
89
42
94
48
79
